# Blender v2.91.2 OBJ File: ''
# www.blender.org
mtllib Pointer.mtl
o Cube
v 3.000000 0.100000 -0.989949
v 3.000000 -0.100000 -0.989949
v 2.010051 0.100000 0.000000
v 2.010051 -0.100000 0.000000
v 3.000000 0.100000 0.989949
v 3.000000 -0.100000 0.989949
vt 0.625000 0.500000
vt 0.875000 0.500000
vt 0.875000 0.750000
vt 0.375000 0.750000
vt 0.625000 0.750000
vt 0.625000 1.000000
vt 0.375000 1.000000
vt 0.375000 0.000000
vt 0.625000 0.000000
vt 0.625000 0.250000
vt 0.375000 0.250000
vt 0.125000 0.500000
vt 0.125000 0.750000
vt 0.375000 0.500000
vn 0.0000 1.0000 0.0000
vn 1.0000 0.0000 0.0000
vn -0.7071 0.0000 0.7071
vn 0.0000 -1.0000 0.0000
vn -0.7071 0.0000 -0.7071
usemtl Material
s off
f 1/1/1 3/2/1 5/3/1
f 2/4/2 1/5/2 5/6/2 6/7/2
f 6/8/3 5/9/3 3/10/3 4/11/3
f 4/12/4 2/4/4 6/13/4
f 4/11/5 3/10/5 1/1/5 2/14/5
o Cube.001
v -3.000000 0.100000 0.989949
v -3.000000 -0.100000 0.989949
v -2.010051 0.100000 0.000000
v -2.010051 -0.100000 0.000000
v -3.000000 0.100000 -0.989949
v -3.000000 -0.100000 -0.989949
vt 0.625000 0.500000
vt 0.875000 0.500000
vt 0.875000 0.750000
vt 0.375000 0.750000
vt 0.625000 0.750000
vt 0.625000 1.000000
vt 0.375000 1.000000
vt 0.375000 0.000000
vt 0.625000 0.000000
vt 0.625000 0.250000
vt 0.375000 0.250000
vt 0.125000 0.500000
vt 0.125000 0.750000
vt 0.375000 0.500000
vn 0.0000 1.0000 0.0000
vn -1.0000 0.0000 0.0000
vn 0.7071 0.0000 -0.7071
vn 0.0000 -1.0000 0.0000
vn 0.7071 0.0000 0.7071
usemtl Material.001
s off
f 7/15/6 9/16/6 11/17/6
f 8/18/7 7/19/7 11/20/7 12/21/7
f 12/22/8 11/23/8 9/24/8 10/25/8
f 10/26/9 8/18/9 12/27/9
f 10/25/10 9/24/10 7/15/10 8/28/10
o Cube.003
v 0.985602 0.100000 2.999997
v 0.985602 -0.100000 2.999997
v -0.004348 0.100000 2.010047
v -0.004348 -0.100000 2.010047
v -0.994297 0.100000 2.999997
v -0.994297 -0.100000 2.999997
vt 0.625000 0.500000
vt 0.875000 0.500000
vt 0.875000 0.750000
vt 0.375000 0.750000
vt 0.625000 0.750000
vt 0.625000 1.000000
vt 0.375000 1.000000
vt 0.375000 0.000000
vt 0.625000 0.000000
vt 0.625000 0.250000
vt 0.375000 0.250000
vt 0.125000 0.500000
vt 0.125000 0.750000
vt 0.375000 0.500000
vn 0.0000 1.0000 0.0000
vn 0.0000 0.0000 1.0000
vn -0.7071 0.0000 -0.7071
vn 0.0000 -1.0000 0.0000
vn 0.7071 0.0000 -0.7071
usemtl Material.003
s off
f 13/29/11 15/30/11 17/31/11
f 14/32/12 13/33/12 17/34/12 18/35/12
f 18/36/13 17/37/13 15/38/13 16/39/13
f 16/40/14 14/32/14 18/41/14
f 16/39/15 15/38/15 13/29/15 14/42/15
o Cube.002
v -0.985601 0.100000 -3.001432
v -0.985601 -0.100000 -3.001432
v 0.002913 0.100000 -2.010048
v 0.002913 -0.100000 -2.010048
v 0.994296 0.100000 -2.998562
v 0.994296 -0.100000 -2.998562
vt 0.625000 0.500000
vt 0.875000 0.500000
vt 0.875000 0.750000
vt 0.375000 0.750000
vt 0.625000 0.750000
vt 0.625000 1.000000
vt 0.375000 1.000000
vt 0.375000 0.000000
vt 0.625000 0.000000
vt 0.625000 0.250000
vt 0.375000 0.250000
vt 0.125000 0.500000
vt 0.125000 0.750000
vt 0.375000 0.500000
vn 0.0000 1.0000 0.0000
vn 0.0014 0.0000 -1.0000
vn 0.7061 0.0000 0.7081
vn 0.0000 -1.0000 0.0000
vn -0.7081 0.0000 0.7061
usemtl Material.002
s off
f 19/43/16 21/44/16 23/45/16
f 20/46/17 19/47/17 23/48/17 24/49/17
f 24/50/18 23/51/18 21/52/18 22/53/18
f 22/54/19 20/46/19 24/55/19
f 22/53/20 21/52/20 19/43/20 20/56/20
